1.000000
1885
0.000000 0.000000 0.000000 0.000000 1.00000000000
0.308473 0.000000 0.000000 0.001905 0.10996903237
0.154236 0.267145 0.000000 0.001905 0.10996903237
-0.154236 0.267145 0.000000 0.001905 0.10996903237
-0.308473 -0.000000 0.000000 0.001905 0.10996903237
-0.154236 -0.267145 0.000000 0.001905 0.10996903237
0.154236 -0.267145 0.000000 0.001905 0.10996903237
0.102824 0.126685 -0.251867 0.001905 0.06089857258
-0.229509 0.102824 -0.251867 0.001905 0.06089857258
0.126685 -0.229509 -0.251867 0.001905 0.06089857258
0.205648 -0.013776 0.251867 0.001905 0.00036022897
-0.191873 0.205648 0.251867 0.001905 0.00036022897
-0.013776 -0.191873 0.251867 0.001905 0.00036022897
0.616945 0.000000 0.000000 0.003811 0.01209318808
0.462709 0.267145 0.000000 0.003811 0.02418637616
0.154236 0.267145 0.000000 0.003811 0.02418637616
-0.000000 -0.000000 0.000000 0.003811 0.07255912848
0.154236 -0.267145 0.000000 0.003811 0.02418637616
0.462709 -0.267145 0.000000 0.003811 0.02418637616
0.411297 0.126685 -0.251867 0.003811 0.00669695710
0.078964 0.102824 -0.251867 0.003811 0.00669695710
0.435157 -0.229509 -0.251867 0.003811 0.00669695710
0.514121 -0.013776 0.251867 0.003811 0.00003961403
0.116600 0.205648 0.251867 0.003811 0.00003961403
0.294697 -0.191873 0.251867 0.003811 0.00003961403
0.308473 0.534290 0.000000 0.003811 0.01209318808
-0.000000 0.534290 0.000000 0.003811 0.02418637616
-0.154236 0.267145 0.000000 0.003811 0.02418637616
0.308473 -0.000000 0.000000 0.003811 0.02418637616
0.257061 0.393830 -0.251867 0.003811 0.00669695710
-0.075273 0.369969 -0.251867 0.003811 0.00669695710
0.280921 0.037636 -0.251867 0.003811 0.00669695710
0.359885 0.253369 0.251867 0.003811 0.00003961403
-0.037636 0.472794 0.251867 0.003811 0.00003961403
0.140461 0.075273 0.251867 0.003811 0.00003961403
-0.308473 0.534290 0.000000 0.003811 0.01209318808
-0.462709 0.267145 0.000000 0.003811 0.02418637616
-0.308473 -0.000000 0.000000 0.003811 0.02418637616
-0.051412 0.393830 -0.251867 0.003811 0.00669695710
-0.383745 0.369969 -0.251867 0.003811 0.00669695710
-0.027552 0.037636 -0.251867 0.003811 0.00669695710
0.051412 0.253369 0.251867 0.003811 0.00003961403
-0.346109 0.472794 0.251867 0.003811 0.00003961403
-0.168012 0.075273 0.251867 0.003811 0.00003961403
-0.616945 -0.000000 0.000000 0.003811 0.01209318808
-0.462709 -0.267145 0.000000 0.003811 0.02418637616
-0.154236 -0.267145 0.000000 0.003811 0.02418637616
-0.205648 0.126685 -0.251867 0.003811 0.00669695710
-0.537982 0.102824 -0.251867 0.003811 0.00669695710
-0.181788 -0.229509 -0.251867 0.003811 0.00669695710
-0.102824 -0.013776 0.251867 0.003811 0.00003961403
-0.500345 0.205648 0.251867 0.003811 0.00003961403
-0.322249 -0.191873 0.251867 0.003811 0.00003961403
-0.308473 -0.534290 0.000000 0.003811 0.01209318808
0.000000 -0.534290 0.000000 0.003811 0.02418637616
-0.051412 -0.140461 -0.251867 0.003811 0.00669695710
-0.383745 -0.164321 -0.251867 0.003811 0.00669695710
-0.027552 -0.496654 -0.251867 0.003811 0.00669695710
0.051412 -0.280921 0.251867 0.003811 0.00003961403
-0.346109 -0.061497 0.251867 0.003811 0.00003961403
-0.168012 -0.459018 0.251867 0.003811 0.00003961403
0.308473 -0.534290 0.000000 0.003811 0.01209318808
0.257061 -0.140461 -0.251867 0.003811 0.00669695710
-0.075273 -0.164321 -0.251867 0.003811 0.00669695710
0.280921 -0.496654 -0.251867 0.003811 0.00669695710
0.359885 -0.280921 0.251867 0.003811 0.00003961403
-0.037636 -0.061497 0.251867 0.003811 0.00003961403
0.140461 -0.459018 0.251867 0.003811 0.00003961403
0.411297 0.126685 -0.251867 0.002341 0.00935974569
0.257061 0.393830 -0.251867 0.002341 0.00935974569
-0.051412 0.393830 -0.251867 0.002341 0.00935974569
-0.205648 0.126685 -0.251867 0.002341 0.00935974569
-0.051412 -0.140461 -0.251867 0.002341 0.00935974569
0.257061 -0.140461 -0.251867 0.002341 0.00935974569
0.000000 0.000000 -0.503734 0.002341 0.00001505813
0.332333 0.023860 -0.503734 0.002341 0.00000501938
-0.023860 0.356194 -0.503734 0.002341 0.00000501938
0.000000 0.000000 0.000000 0.002341 0.00254574404
0.332333 0.023860 0.000000 0.002341 0.00084855166
-0.023860 0.356194 0.000000 0.002341 0.00084855166
0.078964 0.102824 -0.251867 0.002341 0.00935974569
-0.075273 0.369969 -0.251867 0.002341 0.00935974569
-0.383745 0.369969 -0.251867 0.002341 0.00935974569
-0.537982 0.102824 -0.251867 0.002341 0.00935974569
-0.383745 -0.164321 -0.251867 0.002341 0.00935974569
-0.075273 -0.164321 -0.251867 0.002341 0.00935974569
-0.332333 -0.023860 -0.503734 0.002341 0.00000501938
-0.356194 0.332333 -0.503734 0.002341 0.00000501938
-0.332333 -0.023860 0.000000 0.002341 0.00084855166
-0.356194 0.332333 0.000000 0.002341 0.00084855166
0.435157 -0.229509 -0.251867 0.002341 0.00935974569
0.280921 0.037636 -0.251867 0.002341 0.00935974569
-0.027552 0.037636 -0.251867 0.002341 0.00935974569
-0.181788 -0.229509 -0.251867 0.002341 0.00935974569
-0.027552 -0.496654 -0.251867 0.002341 0.00935974569
0.280921 -0.496654 -0.251867 0.002341 0.00935974569
0.023860 -0.356194 -0.503734 0.002341 0.00000501938
0.356194 -0.332333 -0.503734 0.002341 0.00000501938
0.023860 -0.356194 0.000000 0.002341 0.00084855166
0.356194 -0.332333 0.000000 0.002341 0.00084855166
0.514121 -0.013776 0.251867 0.002341 0.00005536503
0.359885 0.253369 0.251867 0.002341 0.00005536503
0.051412 0.253369 0.251867 0.002341 0.00005536503
-0.102824 -0.013776 0.251867 0.002341 0.00005536503
0.051412 -0.280921 0.251867 0.002341 0.00005536503
0.359885 -0.280921 0.251867 0.002341 0.00005536503
0.397521 -0.219424 0.000000 0.002341 0.00000002969
0.219424 0.178097 0.000000 0.002341 0.00000002969
0.000000 0.000000 0.503734 0.002341 0.00001505813
0.397521 -0.219424 0.503734 0.002341 0.00000501938
0.219424 0.178097 0.503734 0.002341 0.00000501938
0.116600 0.205648 0.251867 0.002341 0.00005536503
-0.037636 0.472794 0.251867 0.002341 0.00005536503
-0.346109 0.472794 0.251867 0.002341 0.00005536503
-0.500345 0.205648 0.251867 0.002341 0.00005536503
-0.346109 -0.061497 0.251867 0.002341 0.00005536503
-0.037636 -0.061497 0.251867 0.002341 0.00005536503
-0.397521 0.219424 0.000000 0.002341 0.00000002969
-0.178097 0.397521 0.000000 0.002341 0.00000002969
-0.397521 0.219424 0.503734 0.002341 0.00000501938
-0.178097 0.397521 0.503734 0.002341 0.00000501938
0.294697 -0.191873 0.251867 0.002341 0.00005536503
0.140461 0.075273 0.251867 0.002341 0.00005536503
-0.168012 0.075273 0.251867 0.002341 0.00005536503
-0.322249 -0.191873 0.251867 0.002341 0.00005536503
-0.168012 -0.459018 0.251867 0.002341 0.00005536503
0.140461 -0.459018 0.251867 0.002341 0.00005536503
-0.219424 -0.178097 0.000000 0.002341 0.00000002969
0.178097 -0.397521 0.000000 0.002341 0.00000002969
-0.219424 -0.178097 0.503734 0.002341 0.00000501938
0.178097 -0.397521 0.503734 0.002341 0.00000501938
0.925418 0.000000 0.000000 0.005716 0.00132987619
0.771182 0.267145 0.000000 0.005716 0.00398962857
0.462709 0.267145 0.000000 0.005716 0.00797925715
0.308473 -0.000000 0.000000 0.005716 0.01994814287
0.462709 -0.267145 0.000000 0.005716 0.00797925715
0.771182 -0.267145 0.000000 0.005716 0.00398962857
0.719770 0.126685 -0.251867 0.005716 0.00073645789
0.387436 0.102824 -0.251867 0.005716 0.00073645789
0.743630 -0.229509 -0.251867 0.005716 0.00073645789
0.822594 -0.013776 0.251867 0.005716 0.00000435632
0.425073 0.205648 0.251867 0.005716 0.00000435632
0.603170 -0.191873 0.251867 0.005716 0.00000435632
0.616945 0.534290 0.000000 0.005716 0.00398962857
0.308473 0.534290 0.000000 0.005716 0.00797925715
0.154236 0.267145 0.000000 0.005716 0.01994814287
0.616945 -0.000000 0.000000 0.005716 0.00797925715
0.565533 0.393830 -0.251867 0.005716 0.00147291578
0.233200 0.369969 -0.251867 0.005716 0.00147291578
0.589394 0.037636 -0.251867 0.005716 0.00147291578
0.668357 0.253369 0.251867 0.005716 0.00000871263
0.270836 0.472794 0.251867 0.005716 0.00000871263
0.448933 0.075273 0.251867 0.005716 0.00000871263
-0.000000 0.534290 0.000000 0.005716 0.00797925715
-0.154236 0.267145 0.000000 0.005716 0.01994814287
-0.000000 -0.000000 0.000000 0.005716 0.01595851430
0.257061 0.393830 -0.251867 0.005716 0.00147291578
-0.075273 0.369969 -0.251867 0.005716 0.00147291578
0.280921 0.037636 -0.251867 0.005716 0.00147291578
0.359885 0.253369 0.251867 0.005716 0.00000871263
-0.037636 0.472794 0.251867 0.005716 0.00000871263
0.140461 0.075273 0.251867 0.005716 0.00000871263
-0.308473 -0.000000 0.000000 0.005716 0.01994814287
-0.154236 -0.267145 0.000000 0.005716 0.01994814287
0.154236 -0.267145 0.000000 0.005716 0.01994814287
0.102824 0.126685 -0.251867 0.005716 0.00441874735
-0.229509 0.102824 -0.251867 0.005716 0.00441874735
0.126685 -0.229509 -0.251867 0.005716 0.00441874735
0.205648 -0.013776 0.251867 0.005716 0.00002613790
-0.191873 0.205648 0.251867 0.005716 0.00002613790
-0.013776 -0.191873 0.251867 0.005716 0.00002613790
0.000000 -0.534290 0.000000 0.005716 0.00797925715
0.308473 -0.534290 0.000000 0.005716 0.00797925715
0.257061 -0.140461 -0.251867 0.005716 0.00147291578
-0.075273 -0.164321 -0.251867 0.005716 0.00147291578
0.280921 -0.496654 -0.251867 0.005716 0.00147291578
0.359885 -0.280921 0.251867 0.005716 0.00000871263
-0.037636 -0.061497 0.251867 0.005716 0.00000871263
0.140461 -0.459018 0.251867 0.005716 0.00000871263
0.616945 -0.534290 0.000000 0.005716 0.00398962857
0.565533 -0.140461 -0.251867 0.005716 0.00147291578
0.233200 -0.164321 -0.251867 0.005716 0.00147291578
0.589394 -0.496654 -0.251867 0.005716 0.00147291578
0.668357 -0.280921 0.251867 0.005716 0.00000871263
0.270836 -0.061497 0.251867 0.005716 0.00000871263
0.448933 -0.459018 0.251867 0.005716 0.00000871263
0.719770 0.126685 -0.251867 0.004246 0.00102928218
0.565533 0.393830 -0.251867 0.004246 0.00205856435
0.257061 0.393830 -0.251867 0.004246 0.00205856435
0.102824 0.126685 -0.251867 0.004246 0.00643408545
0.257061 -0.140461 -0.251867 0.004246 0.00205856435
0.565533 -0.140461 -0.251867 0.004246 0.00205856435
0.308473 0.000000 -0.503734 0.004246 0.00000331186
0.640806 0.023860 -0.503734 0.004246 0.00000110395
0.284612 0.356194 -0.503734 0.004246 0.00000110395
0.308473 0.000000 0.000000 0.004246 0.00055990602
0.640806 0.023860 0.000000 0.004246 0.00018662881
0.284612 0.356194 0.000000 0.004246 0.00018662881
0.387436 0.102824 -0.251867 0.004246 0.00102928218
0.233200 0.369969 -0.251867 0.004246 0.00205856435
-0.075273 0.369969 -0.251867 0.004246 0.00205856435
-0.229509 0.102824 -0.251867 0.004246 0.00643408545
-0.075273 -0.164321 -0.251867 0.004246 0.00205856435
0.233200 -0.164321 -0.251867 0.004246 0.00205856435
-0.023860 -0.023860 -0.503734 0.004246 0.00000110395
-0.047721 0.332333 -0.503734 0.004246 0.00000110395
-0.023860 -0.023860 0.000000 0.004246 0.00018662881
-0.047721 0.332333 0.000000 0.004246 0.00018662881
0.743630 -0.229509 -0.251867 0.004246 0.00102928218
0.589394 0.037636 -0.251867 0.004246 0.00205856435
0.280921 0.037636 -0.251867 0.004246 0.00205856435
0.126685 -0.229509 -0.251867 0.004246 0.00643408545
0.280921 -0.496654 -0.251867 0.004246 0.00205856435
0.589394 -0.496654 -0.251867 0.004246 0.00205856435
0.332333 -0.356194 -0.503734 0.004246 0.00000110395
0.664666 -0.332333 -0.503734 0.004246 0.00000110395
0.332333 -0.356194 0.000000 0.004246 0.00018662881
0.664666 -0.332333 0.000000 0.004246 0.00018662881
0.822594 -0.013776 0.251867 0.004246 0.00000608844
0.668357 0.253369 0.251867 0.004246 0.00001217688
0.359885 0.253369 0.251867 0.004246 0.00001217688
0.205648 -0.013776 0.251867 0.004246 0.00003897607
0.359885 -0.280921 0.251867 0.004246 0.00001217688
0.668357 -0.280921 0.251867 0.004246 0.00001217688
0.705994 -0.219424 0.000000 0.004246 0.00000000653
0.527897 0.178097 0.000000 0.004246 0.00000000653
0.308473 0.000000 0.503734 0.004246 0.00000331186
0.705994 -0.219424 0.503734 0.004246 0.00000110395
0.527897 0.178097 0.503734 0.004246 0.00000110395
0.425073 0.205648 0.251867 0.004246 0.00000608844
0.270836 0.472794 0.251867 0.004246 0.00001217688
-0.037636 0.472794 0.251867 0.004246 0.00001217688
-0.191873 0.205648 0.251867 0.004246 0.00003897607
-0.037636 -0.061497 0.251867 0.004246 0.00001217688
0.270836 -0.061497 0.251867 0.004246 0.00001217688
-0.089048 0.219424 0.000000 0.004246 0.00000000653
0.130376 0.397521 0.000000 0.004246 0.00000000653
-0.089048 0.219424 0.503734 0.004246 0.00000110395
0.130376 0.397521 0.503734 0.004246 0.00000110395
0.603170 -0.191873 0.251867 0.004246 0.00000608844
0.448933 0.075273 0.251867 0.004246 0.00001217688
0.140461 0.075273 0.251867 0.004246 0.00001217688
-0.013776 -0.191873 0.251867 0.004246 0.00003897607
0.140461 -0.459018 0.251867 0.004246 0.00001217688
0.448933 -0.459018 0.251867 0.004246 0.00001217688
0.089048 -0.178097 0.000000 0.004246 0.00000000653
0.486569 -0.397521 0.000000 0.004246 0.00000000653
0.089048 -0.178097 0.503734 0.004246 0.00000110395
0.486569 -0.397521 0.503734 0.004246 0.00000110395
0.462709 0.801436 0.000000 0.005716 0.00132987619
0.154236 0.801436 0.000000 0.005716 0.00398962857
0.411297 0.660975 -0.251867 0.005716 0.00073645789
0.078964 0.637115 -0.251867 0.005716 0.00073645789
0.435157 0.304781 -0.251867 0.005716 0.00073645789
0.514121 0.520515 0.251867 0.005716 0.00000435632
0.116600 0.739939 0.251867 0.005716 0.00000435632
0.294697 0.342418 0.251867 0.005716 0.00000435632
-0.154236 0.801436 0.000000 0.005716 0.00398962857
-0.308473 0.534290 0.000000 0.005716 0.00797925715
0.102824 0.660975 -0.251867 0.005716 0.00147291578
-0.229509 0.637115 -0.251867 0.005716 0.00147291578
0.126685 0.304781 -0.251867 0.005716 0.00147291578
0.205648 0.520515 0.251867 0.005716 0.00000871263
-0.191873 0.739939 0.251867 0.005716 0.00000871263
-0.013776 0.342418 0.251867 0.005716 0.00000871263
-0.462709 0.267145 0.000000 0.005716 0.00797925715
-0.051412 0.393830 -0.251867 0.005716 0.00147291578
-0.383745 0.369969 -0.251867 0.005716 0.00147291578
-0.027552 0.037636 -0.251867 0.005716 0.00147291578
0.051412 0.253369 0.251867 0.005716 0.00000871263
-0.346109 0.472794 0.251867 0.005716 0.00000871263
-0.168012 0.075273 0.251867 0.005716 0.00000871263
0.411297 0.126685 -0.251867 0.005716 0.00147291578
0.078964 0.102824 -0.251867 0.005716 0.00147291578
0.435157 -0.229509 -0.251867 0.005716 0.00147291578
0.514121 -0.013776 0.251867 0.005716 0.00000871263
0.116600 0.205648 0.251867 0.005716 0.00000871263
0.294697 -0.191873 0.251867 0.005716 0.00000871263
0.411297 0.660975 -0.251867 0.004246 0.00102928218
0.102824 0.660975 -0.251867 0.004246 0.00205856435
-0.051412 0.393830 -0.251867 0.004246 0.00205856435
0.411297 0.126685 -0.251867 0.004246 0.00205856435
0.154236 0.267145 -0.503734 0.004246 0.00000331186
0.486569 0.291006 -0.503734 0.004246 0.00000110395
0.130376 0.623339 -0.503734 0.004246 0.00000110395
0.154236 0.267145 0.000000 0.004246 0.00055990602
0.486569 0.291006 0.000000 0.004246 0.00018662881
0.130376 0.623339 0.000000 0.004246 0.00018662881
0.078964 0.637115 -0.251867 0.004246 0.00102928218
-0.229509 0.637115 -0.251867 0.004246 0.00205856435
-0.383745 0.369969 -0.251867 0.004246 0.00205856435
0.078964 0.102824 -0.251867 0.004246 0.00205856435
-0.178097 0.243285 -0.503734 0.004246 0.00000110395
-0.201957 0.599478 -0.503734 0.004246 0.00000110395
-0.178097 0.243285 0.000000 0.004246 0.00018662881
-0.201957 0.599478 0.000000 0.004246 0.00018662881
0.435157 0.304781 -0.251867 0.004246 0.00102928218
0.126685 0.304781 -0.251867 0.004246 0.00205856435
-0.027552 0.037636 -0.251867 0.004246 0.00205856435
0.435157 -0.229509 -0.251867 0.004246 0.00205856435
0.178097 -0.089048 -0.503734 0.004246 0.00000110395
0.510430 -0.065188 -0.503734 0.004246 0.00000110395
0.178097 -0.089048 0.000000 0.004246 0.00018662881
0.510430 -0.065188 0.000000 0.004246 0.00018662881
0.514121 0.520515 0.251867 0.004246 0.00000608844
0.205648 0.520515 0.251867 0.004246 0.00001217688
0.051412 0.253369 0.251867 0.004246 0.00001217688
0.514121 -0.013776 0.251867 0.004246 0.00001217688
0.551757 0.047721 0.000000 0.004246 0.00000000653
0.373661 0.445242 0.000000 0.004246 0.00000000653
0.154236 0.267145 0.503734 0.004246 0.00000331186
0.551757 0.047721 0.503734 0.004246 0.00000110395
0.373661 0.445242 0.503734 0.004246 0.00000110395
0.116600 0.739939 0.251867 0.004246 0.00000608844
-0.191873 0.739939 0.251867 0.004246 0.00001217688
-0.346109 0.472794 0.251867 0.004246 0.00001217688
0.116600 0.205648 0.251867 0.004246 0.00001217688
-0.243285 0.486569 0.000000 0.004246 0.00000000653
-0.023860 0.664666 0.000000 0.004246 0.00000000653
-0.243285 0.486569 0.503734 0.004246 0.00000110395
-0.023860 0.664666 0.503734 0.004246 0.00000110395
0.294697 0.342418 0.251867 0.004246 0.00000608844
-0.013776 0.342418 0.251867 0.004246 0.00001217688
-0.168012 0.075273 0.251867 0.004246 0.00001217688
0.294697 -0.191873 0.251867 0.004246 0.00001217688
-0.065188 0.089048 0.000000 0.004246 0.00000000653
0.332333 -0.130376 0.000000 0.004246 0.00000000653
-0.065188 0.089048 0.503734 0.004246 0.00000110395
0.332333 -0.130376 0.503734 0.004246 0.00000110395
-0.462709 0.801436 0.000000 0.005716 0.00132987619
-0.616945 0.534290 0.000000 0.005716 0.00398962857
-0.205648 0.660975 -0.251867 0.005716 0.00073645789
-0.537982 0.637115 -0.251867 0.005716 0.00073645789
-0.181788 0.304781 -0.251867 0.005716 0.00073645789
-0.102824 0.520515 0.251867 0.005716 0.00000435632
-0.500345 0.739939 0.251867 0.005716 0.00000435632
-0.322249 0.342418 0.251867 0.005716 0.00000435632
-0.771182 0.267145 0.000000 0.005716 0.00398962857
-0.616945 -0.000000 0.000000 0.005716 0.00797925715
-0.359885 0.393830 -0.251867 0.005716 0.00147291578
-0.692218 0.369969 -0.251867 0.005716 0.00147291578
-0.336024 0.037636 -0.251867 0.005716 0.00147291578
-0.257061 0.253369 0.251867 0.005716 0.00000871263
-0.654582 0.472794 0.251867 0.005716 0.00000871263
-0.476485 0.075273 0.251867 0.005716 0.00000871263
-0.462709 -0.267145 0.000000 0.005716 0.00797925715
-0.205648 0.126685 -0.251867 0.005716 0.00147291578
-0.537982 0.102824 -0.251867 0.005716 0.00147291578
-0.181788 -0.229509 -0.251867 0.005716 0.00147291578
-0.102824 -0.013776 0.251867 0.005716 0.00000871263
-0.500345 0.205648 0.251867 0.005716 0.00000871263
-0.322249 -0.191873 0.251867 0.005716 0.00000871263
-0.205648 0.660975 -0.251867 0.004246 0.00102928218
-0.359885 0.393830 -0.251867 0.004246 0.00205856435
-0.205648 0.126685 -0.251867 0.004246 0.00205856435
-0.154236 0.267145 -0.503734 0.004246 0.00000331186
0.178097 0.291006 -0.503734 0.004246 0.00000110395
-0.178097 0.623339 -0.503734 0.004246 0.00000110395
-0.154236 0.267145 0.000000 0.004246 0.00055990602
0.178097 0.291006 0.000000 0.004246 0.00018662881
-0.178097 0.623339 0.000000 0.004246 0.00018662881
-0.537982 0.637115 -0.251867 0.004246 0.00102928218
-0.692218 0.369969 -0.251867 0.004246 0.00205856435
-0.537982 0.102824 -0.251867 0.004246 0.00205856435
-0.486569 0.243285 -0.503734 0.004246 0.00000110395
-0.510430 0.599478 -0.503734 0.004246 0.00000110395
-0.486569 0.243285 0.000000 0.004246 0.00018662881
-0.510430 0.599478 0.000000 0.004246 0.00018662881
-0.181788 0.304781 -0.251867 0.004246 0.00102928218
-0.336024 0.037636 -0.251867 0.004246 0.00205856435
-0.181788 -0.229509 -0.251867 0.004246 0.00205856435
-0.130376 -0.089048 -0.503734 0.004246 0.00000110395
0.201957 -0.065188 -0.503734 0.004246 0.00000110395
-0.130376 -0.089048 0.000000 0.004246 0.00018662881
0.201957 -0.065188 0.000000 0.004246 0.00018662881
-0.102824 0.520515 0.251867 0.004246 0.00000608844
-0.257061 0.253369 0.251867 0.004246 0.00001217688
-0.102824 -0.013776 0.251867 0.004246 0.00001217688
0.243285 0.047721 0.000000 0.004246 0.00000000653
0.065188 0.445242 0.000000 0.004246 0.00000000653
-0.154236 0.267145 0.503734 0.004246 0.00000331186
0.243285 0.047721 0.503734 0.004246 0.00000110395
0.065188 0.445242 0.503734 0.004246 0.00000110395
-0.500345 0.739939 0.251867 0.004246 0.00000608844
-0.654582 0.472794 0.251867 0.004246 0.00001217688
-0.500345 0.205648 0.251867 0.004246 0.00001217688
-0.551757 0.486569 0.000000 0.004246 0.00000000653
-0.332333 0.664666 0.000000 0.004246 0.00000000653
-0.551757 0.486569 0.503734 0.004246 0.00000110395
-0.332333 0.664666 0.503734 0.004246 0.00000110395
-0.322249 0.342418 0.251867 0.004246 0.00000608844
-0.476485 0.075273 0.251867 0.004246 0.00001217688
-0.322249 -0.191873 0.251867 0.004246 0.00001217688
-0.373661 0.089048 0.000000 0.004246 0.00000000653
0.023860 -0.130376 0.000000 0.004246 0.00000000653
-0.373661 0.089048 0.503734 0.004246 0.00000110395
0.023860 -0.130376 0.503734 0.004246 0.00000110395
-0.925418 -0.000000 0.000000 0.005716 0.00132987619
-0.771182 -0.267145 0.000000 0.005716 0.00398962857
-0.514121 0.126685 -0.251867 0.005716 0.00073645789
-0.846454 0.102824 -0.251867 0.005716 0.00073645789
-0.490261 -0.229509 -0.251867 0.005716 0.00073645789
-0.411297 -0.013776 0.251867 0.005716 0.00000435632
-0.808818 0.205648 0.251867 0.005716 0.00000435632
-0.630721 -0.191873 0.251867 0.005716 0.00000435632
-0.616945 -0.534290 0.000000 0.005716 0.00398962857
-0.308473 -0.534290 0.000000 0.005716 0.00797925715
-0.359885 -0.140461 -0.251867 0.005716 0.00147291578
-0.692218 -0.164321 -0.251867 0.005716 0.00147291578
-0.336024 -0.496654 -0.251867 0.005716 0.00147291578
-0.257061 -0.280921 0.251867 0.005716 0.00000871263
-0.654582 -0.061497 0.251867 0.005716 0.00000871263
-0.476485 -0.459018 0.251867 0.005716 0.00000871263
-0.051412 -0.140461 -0.251867 0.005716 0.00147291578
-0.383745 -0.164321 -0.251867 0.005716 0.00147291578
-0.027552 -0.496654 -0.251867 0.005716 0.00147291578
0.051412 -0.280921 0.251867 0.005716 0.00000871263
-0.346109 -0.061497 0.251867 0.005716 0.00000871263
-0.168012 -0.459018 0.251867 0.005716 0.00000871263
-0.514121 0.126685 -0.251867 0.004246 0.00102928218
-0.359885 -0.140461 -0.251867 0.004246 0.00205856435
-0.051412 -0.140461 -0.251867 0.004246 0.00205856435
-0.308473 -0.000000 -0.503734 0.004246 0.00000331186
0.023860 0.023860 -0.503734 0.004246 0.00000110395
-0.332333 0.356194 -0.503734 0.004246 0.00000110395
-0.308473 -0.000000 0.000000 0.004246 0.00055990602
0.023860 0.023860 0.000000 0.004246 0.00018662881
-0.332333 0.356194 0.000000 0.004246 0.00018662881
-0.846454 0.102824 -0.251867 0.004246 0.00102928218
-0.692218 -0.164321 -0.251867 0.004246 0.00205856435
-0.383745 -0.164321 -0.251867 0.004246 0.00205856435
-0.640806 -0.023860 -0.503734 0.004246 0.00000110395
-0.664666 0.332333 -0.503734 0.004246 0.00000110395
-0.640806 -0.023860 0.000000 0.004246 0.00018662881
-0.664666 0.332333 0.000000 0.004246 0.00018662881
-0.490261 -0.229509 -0.251867 0.004246 0.00102928218
-0.336024 -0.496654 -0.251867 0.004246 0.00205856435
-0.027552 -0.496654 -0.251867 0.004246 0.00205856435
-0.284612 -0.356194 -0.503734 0.004246 0.00000110395
0.047721 -0.332333 -0.503734 0.004246 0.00000110395
-0.284612 -0.356194 0.000000 0.004246 0.00018662881
0.047721 -0.332333 0.000000 0.004246 0.00018662881
-0.411297 -0.013776 0.251867 0.004246 0.00000608844
-0.257061 -0.280921 0.251867 0.004246 0.00001217688
0.051412 -0.280921 0.251867 0.004246 0.00001217688
0.089048 -0.219424 0.000000 0.004246 0.00000000653
-0.089048 0.178097 0.000000 0.004246 0.00000000653
-0.308473 -0.000000 0.503734 0.004246 0.00000331186
0.089048 -0.219424 0.503734 0.004246 0.00000110395
-0.089048 0.178097 0.503734 0.004246 0.00000110395
-0.808818 0.205648 0.251867 0.004246 0.00000608844
-0.654582 -0.061497 0.251867 0.004246 0.00001217688
-0.346109 -0.061497 0.251867 0.004246 0.00001217688
-0.705994 0.219424 0.000000 0.004246 0.00000000653
-0.486569 0.397521 0.000000 0.004246 0.00000000653
-0.705994 0.219424 0.503734 0.004246 0.00000110395
-0.486569 0.397521 0.503734 0.004246 0.00000110395
-0.630721 -0.191873 0.251867 0.004246 0.00000608844
-0.476485 -0.459018 0.251867 0.004246 0.00001217688
-0.168012 -0.459018 0.251867 0.004246 0.00001217688
-0.527897 -0.178097 0.000000 0.004246 0.00000000653
-0.130376 -0.397521 0.000000 0.004246 0.00000000653
-0.527897 -0.178097 0.503734 0.004246 0.00000110395
-0.130376 -0.397521 0.503734 0.004246 0.00000110395
-0.462709 -0.801436 0.000000 0.005716 0.00132987619
-0.154236 -0.801436 0.000000 0.005716 0.00398962857
-0.205648 -0.407606 -0.251867 0.005716 0.00073645789
-0.537982 -0.431466 -0.251867 0.005716 0.00073645789
-0.181788 -0.763799 -0.251867 0.005716 0.00073645789
-0.102824 -0.548066 0.251867 0.005716 0.00000435632
-0.500345 -0.328642 0.251867 0.005716 0.00000435632
-0.322249 -0.726163 0.251867 0.005716 0.00000435632
0.154236 -0.801436 0.000000 0.005716 0.00398962857
0.102824 -0.407606 -0.251867 0.005716 0.00147291578
-0.229509 -0.431466 -0.251867 0.005716 0.00147291578
0.126685 -0.763799 -0.251867 0.005716 0.00147291578
0.205648 -0.548066 0.251867 0.005716 0.00000871263
-0.191873 -0.328642 0.251867 0.005716 0.00000871263
-0.013776 -0.726163 0.251867 0.005716 0.00000871263
-0.205648 -0.407606 -0.251867 0.004246 0.00102928218
0.102824 -0.407606 -0.251867 0.004246 0.00205856435
-0.154236 -0.267145 -0.503734 0.004246 0.00000331186
0.178097 -0.243285 -0.503734 0.004246 0.00000110395
-0.178097 0.089048 -0.503734 0.004246 0.00000110395
-0.154236 -0.267145 0.000000 0.004246 0.00055990602
0.178097 -0.243285 0.000000 0.004246 0.00018662881
-0.178097 0.089048 0.000000 0.004246 0.00018662881
-0.537982 -0.431466 -0.251867 0.004246 0.00102928218
-0.229509 -0.431466 -0.251867 0.004246 0.00205856435
-0.486569 -0.291006 -0.503734 0.004246 0.00000110395
-0.510430 0.065188 -0.503734 0.004246 0.00000110395
-0.486569 -0.291006 0.000000 0.004246 0.00018662881
-0.510430 0.065188 0.000000 0.004246 0.00018662881
-0.181788 -0.763799 -0.251867 0.004246 0.00102928218
0.126685 -0.763799 -0.251867 0.004246 0.00205856435
-0.130376 -0.623339 -0.503734 0.004246 0.00000110395
0.201957 -0.599478 -0.503734 0.004246 0.00000110395
-0.130376 -0.623339 0.000000 0.004246 0.00018662881
0.201957 -0.599478 0.000000 0.004246 0.00018662881
-0.102824 -0.548066 0.251867 0.004246 0.00000608844
0.205648 -0.548066 0.251867 0.004246 0.00001217688
0.243285 -0.486569 0.000000 0.004246 0.00000000653
0.065188 -0.089048 0.000000 0.004246 0.00000000653
-0.154236 -0.267145 0.503734 0.004246 0.00000331186
0.243285 -0.486569 0.503734 0.004246 0.00000110395
0.065188 -0.089048 0.503734 0.004246 0.00000110395
-0.500345 -0.328642 0.251867 0.004246 0.00000608844
-0.191873 -0.328642 0.251867 0.004246 0.00001217688
-0.551757 -0.047721 0.000000 0.004246 0.00000000653
-0.332333 0.130376 0.000000 0.004246 0.00000000653
-0.551757 -0.047721 0.503734 0.004246 0.00000110395
-0.332333 0.130376 0.503734 0.004246 0.00000110395
-0.322249 -0.726163 0.251867 0.004246 0.00000608844
-0.013776 -0.726163 0.251867 0.004246 0.00001217688
-0.373661 -0.445242 0.000000 0.004246 0.00000000653
0.023860 -0.664666 0.000000 0.004246 0.00000000653
-0.373661 -0.445242 0.503734 0.004246 0.00000110395
0.023860 -0.664666 0.503734 0.004246 0.00000110395
0.462709 -0.801436 0.000000 0.005716 0.00132987619
0.411297 -0.407606 -0.251867 0.005716 0.00073645789
0.078964 -0.431466 -0.251867 0.005716 0.00073645789
0.435157 -0.763799 -0.251867 0.005716 0.00073645789
0.514121 -0.548066 0.251867 0.005716 0.00000435632
0.116600 -0.328642 0.251867 0.005716 0.00000435632
0.294697 -0.726163 0.251867 0.005716 0.00000435632
0.411297 -0.407606 -0.251867 0.004246 0.00102928218
0.154236 -0.267145 -0.503734 0.004246 0.00000331186
0.486569 -0.243285 -0.503734 0.004246 0.00000110395
0.130376 0.089048 -0.503734 0.004246 0.00000110395
0.154236 -0.267145 0.000000 0.004246 0.00055990602
0.486569 -0.243285 0.000000 0.004246 0.00018662881
0.130376 0.089048 0.000000 0.004246 0.00018662881
0.078964 -0.431466 -0.251867 0.004246 0.00102928218
-0.178097 -0.291006 -0.503734 0.004246 0.00000110395
-0.201957 0.065188 -0.503734 0.004246 0.00000110395
-0.178097 -0.291006 0.000000 0.004246 0.00018662881
-0.201957 0.065188 0.000000 0.004246 0.00018662881
0.435157 -0.763799 -0.251867 0.004246 0.00102928218
0.178097 -0.623339 -0.503734 0.004246 0.00000110395
0.510430 -0.599478 -0.503734 0.004246 0.00000110395
0.178097 -0.623339 0.000000 0.004246 0.00018662881
0.510430 -0.599478 0.000000 0.004246 0.00018662881
0.514121 -0.548066 0.251867 0.004246 0.00000608844
0.551757 -0.486569 0.000000 0.004246 0.00000000653
0.373661 -0.089048 0.000000 0.004246 0.00000000653
0.154236 -0.267145 0.503734 0.004246 0.00000331186
0.551757 -0.486569 0.503734 0.004246 0.00000110395
0.373661 -0.089048 0.503734 0.004246 0.00000110395
0.116600 -0.328642 0.251867 0.004246 0.00000608844
-0.243285 -0.047721 0.000000 0.004246 0.00000000653
-0.023860 0.130376 0.000000 0.004246 0.00000000653
-0.243285 -0.047721 0.503734 0.004246 0.00000110395
-0.023860 0.130376 0.503734 0.004246 0.00000110395
0.294697 -0.726163 0.251867 0.004246 0.00000608844
-0.065188 -0.445242 0.000000 0.004246 0.00000000653
0.332333 -0.664666 0.000000 0.004246 0.00000000653
-0.065188 -0.445242 0.503734 0.004246 0.00000110395
0.332333 -0.664666 0.503734 0.004246 0.00000110395
0.719770 0.126685 -0.251867 0.002777 0.00143853683
0.565533 0.393830 -0.251867 0.002777 0.00287707365
0.257061 0.393830 -0.251867 0.002777 0.00287707365
0.102824 0.126685 -0.251867 0.002777 0.00863122096
0.257061 -0.140461 -0.251867 0.002777 0.00287707365
0.565533 -0.140461 -0.251867 0.002777 0.00287707365
0.308473 0.000000 -0.503734 0.002777 0.00000231434
0.640806 0.023860 -0.503734 0.002777 0.00000077145
0.284612 0.356194 -0.503734 0.002777 0.00000077145
0.308473 0.000000 0.000000 0.002777 0.00039126560
0.640806 0.023860 0.000000 0.002777 0.00013041730
0.284612 0.356194 0.000000 0.002777 0.00013041730
0.411297 0.660975 -0.251867 0.002777 0.00143853683
0.102824 0.660975 -0.251867 0.002777 0.00287707365
-0.051412 0.393830 -0.251867 0.002777 0.00287707365
0.411297 0.126685 -0.251867 0.002777 0.00287707365
0.154236 0.267145 -0.503734 0.002777 0.00000231434
0.486569 0.291006 -0.503734 0.002777 0.00000077145
0.130376 0.623339 -0.503734 0.002777 0.00000077145
0.154236 0.267145 0.000000 0.002777 0.00039126560
0.486569 0.291006 0.000000 0.002777 0.00013041730
0.130376 0.623339 0.000000 0.002777 0.00013041730
-0.205648 0.660975 -0.251867 0.002777 0.00143853683
-0.359885 0.393830 -0.251867 0.002777 0.00287707365
-0.205648 0.126685 -0.251867 0.002777 0.00287707365
-0.154236 0.267145 -0.503734 0.002777 0.00000231434
0.178097 0.291006 -0.503734 0.002777 0.00000077145
-0.178097 0.623339 -0.503734 0.002777 0.00000077145
-0.154236 0.267145 0.000000 0.002777 0.00039126560
0.178097 0.291006 0.000000 0.002777 0.00013041730
-0.178097 0.623339 0.000000 0.002777 0.00013041730
-0.514121 0.126685 -0.251867 0.002777 0.00143853683
-0.359885 -0.140461 -0.251867 0.002777 0.00287707365
-0.051412 -0.140461 -0.251867 0.002777 0.00287707365
-0.308473 -0.000000 -0.503734 0.002777 0.00000231434
0.023860 0.023860 -0.503734 0.002777 0.00000077145
-0.332333 0.356194 -0.503734 0.002777 0.00000077145
-0.308473 -0.000000 0.000000 0.002777 0.00039126560
0.023860 0.023860 0.000000 0.002777 0.00013041730
-0.332333 0.356194 0.000000 0.002777 0.00013041730
-0.205648 -0.407606 -0.251867 0.002777 0.00143853683
0.102824 -0.407606 -0.251867 0.002777 0.00287707365
-0.154236 -0.267145 -0.503734 0.002777 0.00000231434
0.178097 -0.243285 -0.503734 0.002777 0.00000077145
-0.178097 0.089048 -0.503734 0.002777 0.00000077145
-0.154236 -0.267145 0.000000 0.002777 0.00039126560
0.178097 -0.243285 0.000000 0.002777 0.00013041730
-0.178097 0.089048 0.000000 0.002777 0.00013041730
0.411297 -0.407606 -0.251867 0.002777 0.00143853683
0.154236 -0.267145 -0.503734 0.002777 0.00000231434
0.486569 -0.243285 -0.503734 0.002777 0.00000077145
0.130376 0.089048 -0.503734 0.002777 0.00000077145
0.154236 -0.267145 0.000000 0.002777 0.00039126560
0.486569 -0.243285 0.000000 0.002777 0.00013041730
0.130376 0.089048 0.000000 0.002777 0.00013041730
0.205648 -0.013776 -0.755601 0.004246 0.00000091702
-0.191873 0.205648 -0.755601 0.004246 0.00000091702
-0.013776 -0.191873 -0.755601 0.004246 0.00000091702
0.537982 0.010085 -0.755601 0.004246 0.00000030567
0.140461 0.229509 -0.755601 0.004246 0.00000030567
0.318557 -0.168012 -0.755601 0.004246 0.00000030567
0.435157 0.150545 -0.251867 0.004246 0.00005167739
0.459018 -0.205648 -0.251867 0.004246 0.00010335479
0.181788 0.342418 -0.755601 0.004246 0.00000030567
-0.215733 0.561842 -0.755601 0.004246 0.00000030567
-0.037636 0.164321 -0.755601 0.004246 0.00000030567
0.078964 0.482878 -0.251867 0.004246 0.00005167739
-0.253369 0.459018 -0.251867 0.004246 0.00010335479
0.537982 0.010085 0.251867 0.004246 0.00000030567
0.140461 0.229509 0.251867 0.004246 0.00000030567
0.318557 -0.168012 0.251867 0.004246 0.00000030567
0.181788 0.342418 0.251867 0.004246 0.00000030567
-0.215733 0.561842 0.251867 0.004246 0.00000030567
-0.037636 0.164321 0.251867 0.004246 0.00000030567
0.387436 0.102824 -0.251867 0.002777 0.00143853683
0.233200 0.369969 -0.251867 0.002777 0.00287707365
-0.075273 0.369969 -0.251867 0.002777 0.00287707365
-0.229509 0.102824 -0.251867 0.002777 0.00863122096
-0.075273 -0.164321 -0.251867 0.002777 0.00287707365
0.233200 -0.164321 -0.251867 0.002777 0.00287707365
-0.023860 -0.023860 -0.503734 0.002777 0.00000077145
-0.047721 0.332333 -0.503734 0.002777 0.00000077145
-0.023860 -0.023860 0.000000 0.002777 0.00013041730
-0.047721 0.332333 0.000000 0.002777 0.00013041730
0.078964 0.637115 -0.251867 0.002777 0.00143853683
-0.229509 0.637115 -0.251867 0.002777 0.00287707365
-0.383745 0.369969 -0.251867 0.002777 0.00287707365
0.078964 0.102824 -0.251867 0.002777 0.00287707365
-0.178097 0.243285 -0.503734 0.002777 0.00000077145
-0.201957 0.599478 -0.503734 0.002777 0.00000077145
-0.178097 0.243285 0.000000 0.002777 0.00013041730
-0.201957 0.599478 0.000000 0.002777 0.00013041730
-0.537982 0.637115 -0.251867 0.002777 0.00143853683
-0.692218 0.369969 -0.251867 0.002777 0.00287707365
-0.537982 0.102824 -0.251867 0.002777 0.00287707365
-0.486569 0.243285 -0.503734 0.002777 0.00000077145
-0.510430 0.599478 -0.503734 0.002777 0.00000077145
-0.486569 0.243285 0.000000 0.002777 0.00013041730
-0.510430 0.599478 0.000000 0.002777 0.00013041730
-0.846454 0.102824 -0.251867 0.002777 0.00143853683
-0.692218 -0.164321 -0.251867 0.002777 0.00287707365
-0.383745 -0.164321 -0.251867 0.002777 0.00287707365
-0.640806 -0.023860 -0.503734 0.002777 0.00000077145
-0.664666 0.332333 -0.503734 0.002777 0.00000077145
-0.640806 -0.023860 0.000000 0.002777 0.00013041730
-0.664666 0.332333 0.000000 0.002777 0.00013041730
-0.537982 -0.431466 -0.251867 0.002777 0.00143853683
-0.229509 -0.431466 -0.251867 0.002777 0.00287707365
-0.486569 -0.291006 -0.503734 0.002777 0.00000077145
-0.510430 0.065188 -0.503734 0.002777 0.00000077145
-0.486569 -0.291006 0.000000 0.002777 0.00013041730
-0.510430 0.065188 0.000000 0.002777 0.00013041730
0.078964 -0.431466 -0.251867 0.002777 0.00143853683
-0.178097 -0.291006 -0.503734 0.002777 0.00000077145
-0.201957 0.065188 -0.503734 0.002777 0.00000077145
-0.178097 -0.291006 0.000000 0.002777 0.00013041730
-0.201957 0.065188 0.000000 0.002777 0.00013041730
-0.126685 -0.037636 -0.755601 0.004246 0.00000030567
-0.524206 0.181788 -0.755601 0.004246 0.00000030567
-0.346109 -0.215733 -0.755601 0.004246 0.00000030567
-0.561842 0.078964 -0.251867 0.004246 0.00005167739
-0.205648 -0.253369 -0.251867 0.004246 0.00010335479
-0.150545 0.318557 -0.755601 0.004246 0.00000030567
-0.548066 0.537982 -0.755601 0.004246 0.00000030567
-0.369969 0.140461 -0.755601 0.004246 0.00000030567
-0.585702 0.435157 -0.251867 0.004246 0.00005167739
-0.126685 -0.037636 0.251867 0.004246 0.00000030567
-0.524206 0.181788 0.251867 0.004246 0.00000030567
-0.346109 -0.215733 0.251867 0.004246 0.00000030567
-0.150545 0.318557 0.251867 0.004246 0.00000030567
-0.548066 0.537982 0.251867 0.004246 0.00000030567
-0.369969 0.140461 0.251867 0.004246 0.00000030567
0.743630 -0.229509 -0.251867 0.002777 0.00143853683
0.589394 0.037636 -0.251867 0.002777 0.00287707365
0.280921 0.037636 -0.251867 0.002777 0.00287707365
0.126685 -0.229509 -0.251867 0.002777 0.00863122096
0.280921 -0.496654 -0.251867 0.002777 0.00287707365
0.589394 -0.496654 -0.251867 0.002777 0.00287707365
0.332333 -0.356194 -0.503734 0.002777 0.00000077145
0.664666 -0.332333 -0.503734 0.002777 0.00000077145
0.332333 -0.356194 0.000000 0.002777 0.00013041730
0.664666 -0.332333 0.000000 0.002777 0.00013041730
0.435157 0.304781 -0.251867 0.002777 0.00143853683
0.126685 0.304781 -0.251867 0.002777 0.00287707365
-0.027552 0.037636 -0.251867 0.002777 0.00287707365
0.435157 -0.229509 -0.251867 0.002777 0.00287707365
0.178097 -0.089048 -0.503734 0.002777 0.00000077145
0.510430 -0.065188 -0.503734 0.002777 0.00000077145
0.178097 -0.089048 0.000000 0.002777 0.00013041730
0.510430 -0.065188 0.000000 0.002777 0.00013041730
-0.181788 0.304781 -0.251867 0.002777 0.00143853683
-0.336024 0.037636 -0.251867 0.002777 0.00287707365
-0.181788 -0.229509 -0.251867 0.002777 0.00287707365
-0.130376 -0.089048 -0.503734 0.002777 0.00000077145
0.201957 -0.065188 -0.503734 0.002777 0.00000077145
-0.130376 -0.089048 0.000000 0.002777 0.00013041730
0.201957 -0.065188 0.000000 0.002777 0.00013041730
-0.490261 -0.229509 -0.251867 0.002777 0.00143853683
-0.336024 -0.496654 -0.251867 0.002777 0.00287707365
-0.027552 -0.496654 -0.251867 0.002777 0.00287707365
-0.284612 -0.356194 -0.503734 0.002777 0.00000077145
0.047721 -0.332333 -0.503734 0.002777 0.00000077145
-0.284612 -0.356194 0.000000 0.002777 0.00013041730
0.047721 -0.332333 0.000000 0.002777 0.00013041730
-0.181788 -0.763799 -0.251867 0.002777 0.00143853683
0.126685 -0.763799 -0.251867 0.002777 0.00287707365
-0.130376 -0.623339 -0.503734 0.002777 0.00000077145
0.201957 -0.599478 -0.503734 0.002777 0.00000077145
-0.130376 -0.623339 0.000000 0.002777 0.00013041730
0.201957 -0.599478 0.000000 0.002777 0.00013041730
0.435157 -0.763799 -0.251867 0.002777 0.00143853683
0.178097 -0.623339 -0.503734 0.002777 0.00000077145
0.510430 -0.599478 -0.503734 0.002777 0.00000077145
0.178097 -0.623339 0.000000 0.002777 0.00013041730
0.510430 -0.599478 0.000000 0.002777 0.00013041730
0.229509 -0.369969 -0.755601 0.004246 0.00000030567
-0.168012 -0.150545 -0.755601 0.004246 0.00000030567
0.010085 -0.548066 -0.755601 0.004246 0.00000030567
0.150545 -0.585702 -0.251867 0.004246 0.00005167739
0.561842 -0.346109 -0.755601 0.004246 0.00000030567
0.164321 -0.126685 -0.755601 0.004246 0.00000030567
0.342418 -0.524206 -0.755601 0.004246 0.00000030567
0.482878 -0.561842 -0.251867 0.004246 0.00005167739
0.229509 -0.369969 0.251867 0.004246 0.00000030567
-0.168012 -0.150545 0.251867 0.004246 0.00000030567
0.010085 -0.548066 0.251867 0.004246 0.00000030567
0.561842 -0.346109 0.251867 0.004246 0.00000030567
0.164321 -0.126685 0.251867 0.004246 0.00000030567
0.342418 -0.524206 0.251867 0.004246 0.00000030567
0.822594 -0.013776 0.251867 0.002777 0.00000850927
0.668357 0.253369 0.251867 0.002777 0.00001701855
0.359885 0.253369 0.251867 0.002777 0.00001701855
0.205648 -0.013776 0.251867 0.002777 0.00005105564
0.359885 -0.280921 0.251867 0.002777 0.00001701855
0.668357 -0.280921 0.251867 0.002777 0.00001701855
0.705994 -0.219424 0.000000 0.002777 0.00000000456
0.527897 0.178097 0.000000 0.002777 0.00000000456
0.308473 0.000000 0.503734 0.002777 0.00000231434
0.705994 -0.219424 0.503734 0.002777 0.00000077145
0.527897 0.178097 0.503734 0.002777 0.00000077145
0.514121 0.520515 0.251867 0.002777 0.00000850927
0.205648 0.520515 0.251867 0.002777 0.00001701855
0.051412 0.253369 0.251867 0.002777 0.00001701855
0.514121 -0.013776 0.251867 0.002777 0.00001701855
0.551757 0.047721 0.000000 0.002777 0.00000000456
0.373661 0.445242 0.000000 0.002777 0.00000000456
0.154236 0.267145 0.503734 0.002777 0.00000231434
0.551757 0.047721 0.503734 0.002777 0.00000077145
0.373661 0.445242 0.503734 0.002777 0.00000077145
-0.102824 0.520515 0.251867 0.002777 0.00000850927
-0.257061 0.253369 0.251867 0.002777 0.00001701855
-0.102824 -0.013776 0.251867 0.002777 0.00001701855
0.243285 0.047721 0.000000 0.002777 0.00000000456
0.065188 0.445242 0.000000 0.002777 0.00000000456
-0.154236 0.267145 0.503734 0.002777 0.00000231434
0.243285 0.047721 0.503734 0.002777 0.00000077145
0.065188 0.445242 0.503734 0.002777 0.00000077145
-0.411297 -0.013776 0.251867 0.002777 0.00000850927
-0.257061 -0.280921 0.251867 0.002777 0.00001701855
0.051412 -0.280921 0.251867 0.002777 0.00001701855
0.089048 -0.219424 0.000000 0.002777 0.00000000456
-0.089048 0.178097 0.000000 0.002777 0.00000000456
-0.308473 -0.000000 0.503734 0.002777 0.00000231434
0.089048 -0.219424 0.503734 0.002777 0.00000077145
-0.089048 0.178097 0.503734 0.002777 0.00000077145
-0.102824 -0.548066 0.251867 0.002777 0.00000850927
0.205648 -0.548066 0.251867 0.002777 0.00001701855
0.243285 -0.486569 0.000000 0.002777 0.00000000456
0.065188 -0.089048 0.000000 0.002777 0.00000000456
-0.154236 -0.267145 0.503734 0.002777 0.00000231434
0.243285 -0.486569 0.503734 0.002777 0.00000077145
0.065188 -0.089048 0.503734 0.002777 0.00000077145
0.514121 -0.548066 0.251867 0.002777 0.00000850927
0.551757 -0.486569 0.000000 0.002777 0.00000000456
0.373661 -0.089048 0.000000 0.002777 0.00000000456
0.154236 -0.267145 0.503734 0.002777 0.00000231434
0.551757 -0.486569 0.503734 0.002777 0.00000077145
0.373661 -0.089048 0.503734 0.002777 0.00000077145
0.500345 -0.092740 -0.251867 0.004246 0.00000000181
0.168012 -0.116600 -0.251867 0.004246 0.00000000181
0.524206 -0.448933 -0.251867 0.004246 0.00000000181
0.603170 -0.233200 0.251867 0.004246 0.00000030568
0.383745 -0.411297 0.251867 0.004246 0.00000061137
0.322249 0.304781 -0.251867 0.004246 0.00000000181
-0.010085 0.280921 -0.251867 0.004246 0.00000000181
0.346109 -0.051412 -0.251867 0.004246 0.00000000181
0.425073 0.164321 0.251867 0.004246 0.00000030568
0.027552 0.383745 0.251867 0.004246 0.00000061137
0.102824 0.126685 0.755601 0.004246 0.00000000542
-0.229509 0.102824 0.755601 0.004246 0.00000000542
0.126685 -0.229509 0.755601 0.004246 0.00000000542
0.500345 -0.092740 0.755601 0.004246 0.00000000181
0.168012 -0.116600 0.755601 0.004246 0.00000000181
0.524206 -0.448933 0.755601 0.004246 0.00000000181
0.322249 0.304781 0.755601 0.004246 0.00000000181
-0.010085 0.280921 0.755601 0.004246 0.00000000181
0.346109 -0.051412 0.755601 0.004246 0.00000000181
0.425073 0.205648 0.251867 0.002777 0.00000850927
0.270836 0.472794 0.251867 0.002777 0.00001701855
-0.037636 0.472794 0.251867 0.002777 0.00001701855
-0.191873 0.205648 0.251867 0.002777 0.00005105564
-0.037636 -0.061497 0.251867 0.002777 0.00001701855
0.270836 -0.061497 0.251867 0.002777 0.00001701855
-0.089048 0.219424 0.000000 0.002777 0.00000000456
0.130376 0.397521 0.000000 0.002777 0.00000000456
-0.089048 0.219424 0.503734 0.002777 0.00000077145
0.130376 0.397521 0.503734 0.002777 0.00000077145
0.116600 0.739939 0.251867 0.002777 0.00000850927
-0.191873 0.739939 0.251867 0.002777 0.00001701855
-0.346109 0.472794 0.251867 0.002777 0.00001701855
0.116600 0.205648 0.251867 0.002777 0.00001701855
-0.243285 0.486569 0.000000 0.002777 0.00000000456
-0.023860 0.664666 0.000000 0.002777 0.00000000456
-0.243285 0.486569 0.503734 0.002777 0.00000077145
-0.023860 0.664666 0.503734 0.002777 0.00000077145
-0.500345 0.739939 0.251867 0.002777 0.00000850927
-0.654582 0.472794 0.251867 0.002777 0.00001701855
-0.500345 0.205648 0.251867 0.002777 0.00001701855
-0.551757 0.486569 0.000000 0.002777 0.00000000456
-0.332333 0.664666 0.000000 0.002777 0.00000000456
-0.551757 0.486569 0.503734 0.002777 0.00000077145
-0.332333 0.664666 0.503734 0.002777 0.00000077145
-0.808818 0.205648 0.251867 0.002777 0.00000850927
-0.654582 -0.061497 0.251867 0.002777 0.00001701855
-0.346109 -0.061497 0.251867 0.002777 0.00001701855
-0.705994 0.219424 0.000000 0.002777 0.00000000456
-0.486569 0.397521 0.000000 0.002777 0.00000000456
-0.705994 0.219424 0.503734 0.002777 0.00000077145
-0.486569 0.397521 0.503734 0.002777 0.00000077145
-0.500345 -0.328642 0.251867 0.002777 0.00000850927
-0.191873 -0.328642 0.251867 0.002777 0.00001701855
-0.551757 -0.047721 0.000000 0.002777 0.00000000456
-0.332333 0.130376 0.000000 0.002777 0.00000000456
-0.551757 -0.047721 0.503734 0.002777 0.00000077145
-0.332333 0.130376 0.503734 0.002777 0.00000077145
0.116600 -0.328642 0.251867 0.002777 0.00000850927
-0.243285 -0.047721 0.000000 0.002777 0.00000000456
-0.023860 0.130376 0.000000 0.002777 0.00000000456
-0.243285 -0.047721 0.503734 0.002777 0.00000077145
-0.023860 0.130376 0.503734 0.002777 0.00000077145
-0.294697 0.346109 -0.251867 0.004246 0.00000000181
-0.627030 0.322249 -0.251867 0.004246 0.00000000181
-0.270836 -0.010085 -0.251867 0.004246 0.00000000181
-0.589394 0.425073 0.251867 0.004246 0.00000030568
-0.411297 0.027552 0.251867 0.004246 0.00000061137
-0.075273 0.524206 -0.251867 0.004246 0.00000000181
-0.407606 0.500345 -0.251867 0.004246 0.00000000181
-0.051412 0.168012 -0.251867 0.004246 0.00000000181
-0.369969 0.603170 0.251867 0.004246 0.00000030568
-0.294697 0.346109 0.755601 0.004246 0.00000000181
-0.627030 0.322249 0.755601 0.004246 0.00000000181
-0.270836 -0.010085 0.755601 0.004246 0.00000000181
-0.075273 0.524206 0.755601 0.004246 0.00000000181
-0.407606 0.500345 0.755601 0.004246 0.00000000181
-0.051412 0.168012 0.755601 0.004246 0.00000000181
0.603170 -0.191873 0.251867 0.002777 0.00000850927
0.448933 0.075273 0.251867 0.002777 0.00001701855
0.140461 0.075273 0.251867 0.002777 0.00001701855
-0.013776 -0.191873 0.251867 0.002777 0.00005105564
0.140461 -0.459018 0.251867 0.002777 0.00001701855
0.448933 -0.459018 0.251867 0.002777 0.00001701855
0.089048 -0.178097 0.000000 0.002777 0.00000000456
0.486569 -0.397521 0.000000 0.002777 0.00000000456
0.089048 -0.178097 0.503734 0.002777 0.00000077145
0.486569 -0.397521 0.503734 0.002777 0.00000077145
0.294697 0.342418 0.251867 0.002777 0.00000850927
-0.013776 0.342418 0.251867 0.002777 0.00001701855
-0.168012 0.075273 0.251867 0.002777 0.00001701855
0.294697 -0.191873 0.251867 0.002777 0.00001701855
-0.065188 0.089048 0.000000 0.002777 0.00000000456
0.332333 -0.130376 0.000000 0.002777 0.00000000456
-0.065188 0.089048 0.503734 0.002777 0.00000077145
0.332333 -0.130376 0.503734 0.002777 0.00000077145
-0.322249 0.342418 0.251867 0.002777 0.00000850927
-0.476485 0.075273 0.251867 0.002777 0.00001701855
-0.322249 -0.191873 0.251867 0.002777 0.00001701855
-0.373661 0.089048 0.000000 0.002777 0.00000000456
0.023860 -0.130376 0.000000 0.002777 0.00000000456
-0.373661 0.089048 0.503734 0.002777 0.00000077145
0.023860 -0.130376 0.503734 0.002777 0.00000077145
-0.630721 -0.191873 0.251867 0.002777 0.00000850927
-0.476485 -0.459018 0.251867 0.002777 0.00001701855
-0.168012 -0.459018 0.251867 0.002777 0.00001701855
-0.527897 -0.178097 0.000000 0.002777 0.00000000456
-0.130376 -0.397521 0.000000 0.002777 0.00000000456
-0.527897 -0.178097 0.503734 0.002777 0.00000077145
-0.130376 -0.397521 0.503734 0.002777 0.00000077145
-0.322249 -0.726163 0.251867 0.002777 0.00000850927
-0.013776 -0.726163 0.251867 0.002777 0.00001701855
-0.373661 -0.445242 0.000000 0.002777 0.00000000456
0.023860 -0.664666 0.000000 0.002777 0.00000000456
-0.373661 -0.445242 0.503734 0.002777 0.00000077145
0.023860 -0.664666 0.503734 0.002777 0.00000077145
0.294697 -0.726163 0.251867 0.002777 0.00000850927
-0.065188 -0.445242 0.000000 0.002777 0.00000000456
0.332333 -0.664666 0.000000 0.002777 0.00000000456
-0.065188 -0.445242 0.503734 0.002777 0.00000077145
0.332333 -0.664666 0.503734 0.002777 0.00000077145
-0.116600 -0.051412 -0.251867 0.004246 0.00000000181
-0.448933 -0.075273 -0.251867 0.004246 0.00000000181
-0.092740 -0.407606 -0.251867 0.004246 0.00000000181
-0.233200 -0.369969 0.251867 0.004246 0.00000030568
0.280921 -0.270836 -0.251867 0.004246 0.00000000181
-0.051412 -0.294697 -0.251867 0.004246 0.00000000181
0.304781 -0.627030 -0.251867 0.004246 0.00000000181
0.164321 -0.589394 0.251867 0.004246 0.00000030568
-0.116600 -0.051412 0.755601 0.004246 0.00000000181
-0.448933 -0.075273 0.755601 0.004246 0.00000000181
-0.092740 -0.407606 0.755601 0.004246 0.00000000181
0.280921 -0.270836 0.755601 0.004246 0.00000000181
-0.051412 -0.294697 0.755601 0.004246 0.00000000181
0.304781 -0.627030 0.755601 0.004246 0.00000000181

13.351000
